0.22964407739428802 0.0673076923076923
0.04351153819459229 0.5673076923076923
0.04318517703985322 0.5673076923076923
0.043213558344158416 0.5673076923076923
0.04308149840907695 0.5673076923076923
0.04313841587898977 0.5673076923076923
0.043198837635721035 0.5673076923076923
0.0432318065693594 0.5673076923076923
0.04354990824556975 0.5769230769230769
0.033505312243686615 0.6634615384615384
0.033710912044916934 0.6634615384615384
0.03353212672091674 0.6634615384615384
0.025045497447128716 0.7596153846153846
0.02487951379597059 0.75
0.02463729502443829 0.75
0.02468185381710964 0.7692307692307693
0.025000558701148513 0.75
0.02485334241040656 0.75
0.02474269526162543 0.75
0.024688611189051315 0.75
0.024774709758463433 0.75
0.0245425337761025 0.75
0.02481492486357079 0.75
0.024511619948117253 0.75
0.024658758138800953 0.75
0.024712133355540216 0.75
0.02433587266583353 0.75
0.024519641612212227 0.75
0.0247603829540294 0.75
0.024780854171106707 0.75
0.024728630324483178 0.75
0.024676736453383842 0.75
0.024683198009024784 0.75
0.02468019976985135 0.75
0.024494956842832507 0.7596153846153846
0.02455397519697066 0.75
0.024645861380631722 0.75
0.02440403477095371 0.75
0.024712947449632504 0.75
0.02456208786660482 0.7596153846153846
0.024543314399625704 0.7596153846153846
0.024449942860396146 0.7596153846153846
0.024704262383465053 0.75
0.02470800289298021 0.75
0.024343389625742635 0.7596153846153846
0.02431514140942874 0.75
0.02481261429025008 0.75
0.024657444678026934 0.75
0.01732925732105345 0.8269230769230769
0.017659467249960543 0.8173076923076923
0.017831953934963722 0.8173076923076923
0.017901805454777167 0.8173076923076923
0.017767792112018607 0.8173076923076923
0.017442396397653763 0.8269230769230769
0.017696177693254878 0.8269230769230769
0.017373354286167632 0.8269230769230769
0.015822627320466052 0.8461538461538461
0.015403176548276639 0.8461538461538461
0.015876895111018266 0.8365384615384616
0.014928767019352526 0.8461538461538461
0.015826595870803213 0.8365384615384616
0.015386858601534326 0.8365384615384616
0.015186254529553495 0.8557692307692307
0.015461541427470677 0.8461538461538461
0.01531498831999137 0.8461538461538461
0.01474499016019676 0.8557692307692307
0.015648182967189596 0.8461538461538461
0.01594085443373228 0.8365384615384616
0.01589707239176019 0.8365384615384616
0.01549452328466228 0.8461538461538461
0.014490362041524669 0.8557692307692307
0.014830925690457516 0.8557692307692307
0.015694533280430648 0.8461538461538461
0.014976564021968924 0.8557692307692307
0.015576321732832858 0.8365384615384616
0.015005670850372927 0.8557692307692307
0.016216409421474134 0.8461538461538461
0.015210916391565894 0.8461538461538461
0.015557530107720478 0.8365384615384616
0.01538128325528257 0.8461538461538461
0.014800535861550225 0.8653846153846154
0.015486008704373081 0.8461538461538461
0.015274451316992019 0.8557692307692307
0.015409946644008696 0.8461538461538461
0.015089993712052007 0.8557692307692307
0.015374734837065267 0.8461538461538461
0.01597308405244396 0.8365384615384616
0.015446464166863877 0.8461538461538461
0.016017503697691202 0.8365384615384616
0.015507740787852775 0.8461538461538461
0.015570391707704887 0.8365384615384616
0.015388355191486066 0.8461538461538461
0.01538483145523366 0.8461538461538461
0.014255364726117601 0.8653846153846154
0.014618688680242221 0.8557692307692307
0.015142989719766678 0.8557692307692307
0.013409494291400056 0.8653846153846154
0.015485433162170412 0.8557692307692307
0.014339010568396907 0.8653846153846154
0.01437763767913765 0.8653846153846154
0.013403685946640915 0.8653846153846154
0.01451796113330219 0.8653846153846154
0.014698880625610672 0.8557692307692307
0.01397510769433119 0.8653846153846154
0.015186049784715164 0.8557692307692307
0.01613893609810951 0.8461538461538461
0.015181495965824585 0.8653846153846154
0.014246481031763165 0.8653846153846154
0.013274213027436322 0.8653846153846154
0.015716387543825434 0.8557692307692307
0.014220708863110044 0.8653846153846154
0.01486705950628822 0.8653846153846154
0.013449015713590938 0.8653846153846154
0.014745658157979335 0.875
0.01526650907369432 0.8653846153846154
0.013781750777945903 0.875
0.016060844434501398 0.8557692307692307
0.014964931794821033 0.8653846153846154
0.01727001101891903 0.8557692307692307
0.013067255182312184 0.875
0.014142662365002308 0.8653846153846154
0.013872209085834529 0.8557692307692307
0.014124267495984265 0.8653846153846154
0.014194300654338694 0.8653846153846154
0.01703301645795397 0.8557692307692307
0.014548569227755905 0.8653846153846154
0.014754877096931258 0.8653846153846154
0.012721016854447516 0.875
0.01315448161558457 0.875
0.014840597873358867 0.8557692307692307
0.015547690153301603 0.8653846153846154
0.014360681851980113 0.8653846153846154
0.013839965921591209 0.8653846153846154
0.014928648416430589 0.8653846153846154
0.014495735675414543 0.8653846153846154
0.012505130519448151 0.875
0.012502912325733887 0.875
0.012502178987662808 0.875
0.012501790132404458 0.875
0.012501539972053548 0.875
0.012501359728408126 0.875
0.012501222092011951 0.875
0.012501112350901013 0.875
0.012501007420628485 0.875
0.012500947800950632 0.875
0.012500881411763613 0.875
0.0125008194671974 0.875
0.012500781837390042 0.875
0.012500739812330974 0.875
0.012500701958083013 0.875
0.01250066796218263 0.875
0.012500637890294208 0.875
0.012500610532432307 0.875
0.01250058551320923 0.875
0.012500562673344623 0.875
0.01250054167693903 0.875
0.012500522254659112 0.875
0.012500504359970585 0.875
0.012500487689322106 0.875
0.012500472070191533 0.875
0.01250045753581358 0.875
0.012500442988448077 0.875
0.012500431182776635 0.875
0.012500419397990124 0.875
0.012500407982561527 0.875
0.012500397154131333 0.875
0.012500387103832361 0.875
0.012500377584122275 0.875
0.01250036869257611 0.875
0.012500360047505476 0.875
0.012500351805804808 0.875
0.01250034397528796 0.875
0.012500336484257175 0.875
0.012500329453528924 0.875
0.01250032247075419 0.875
0.012500315999951281 0.875
0.012500309983083586 0.875
0.012500303864310704 0.875
0.012500298338346504 0.875
0.01250029285306478 0.875
0.01250028756487707 0.875
0.012500282482140222 0.875
0.012500277517494864 0.875
0.012500272881907628 0.875
0.012500267593680666 0.875
0.01250026390651723 0.875
0.012500259582580988 0.875
0.012500255598446463 0.875
0.012500251575839096 0.875
0.012500247937056815 0.875
0.012500244110494439 0.875
0.012500240533799854 0.875
0.012500237048726446 0.875
0.012500233687707864 0.875
0.012500230420067183 0.875
0.012500227216169918 0.875
0.012500224036099452 0.875
0.012500220842258627 0.875
0.012500218226942859 0.875
0.012500215401405373 0.875
{ iterations: 200000, error: 0.012500212655802662, ok: 0.875 }
[ 0.9999320781205637,
  4.355162721279301e-8,
  1.0617529347476422e-12,
  6.622238036299395e-10,
  3.810816085516683e-12,
  9.236750505190826e-9,
  1.1881643104646803e-7,
  1.7857795033314834e-13,
  0.0011791796833616147,
  4.177517620669545e-8 ]
[ 0.04204634941097207,
  0.8274399188154338,
  1.4372798362931778e-9,
  1.6923191380289193e-11,
  0.0000017016449548374229,
  3.5597778896666605e-10,
  0.002397923283366012,
  0.0000023724032676229724,
  0.00007144017247674412,
  1.1426438047440553e-15 ]
[ 2.858093969065831e-10,
  1.54183488042861e-10,
  0.8777874295457229,
  0.00862870419654573,
  2.692543350639583e-11,
  1.482252259396916e-9,
  2.296196480522651e-12,
  8.013690520429165e-10,
  1.9539597601812722e-7,
  0.00000387305570921466 ]
[ 0.00019263136820144605,
  4.566979948637634e-9,
  1.89734349930752e-10,
  0.00004719850187380059,
  8.131500720722719e-11,
  5.625255241956423e-8,
  4.5202100366428926e-14,
  5.67422285830951e-7,
  3.9689723551743635e-10,
  0.9999999054918307 ]
[ 1.1217193139623876e-9,
  2.197026544910172e-16,
  4.675051155900497e-12,
  3.101153715254441e-10,
  0.9376342444402429,
  6.231392411913797e-14,
  9.779212167919118e-21,
  0.0000012116223209795403,
  0.0001137233128622994,
  3.2615303434495676e-16 ]
[ 9.131294831479944e-11,
  1.5835491313047223e-15,
  2.3869095442029332e-9,
  3.100822040090192e-12,
  0.000001106794947373078,
  9.334535284778157e-9,
  1.8076941313073717e-13,
  4.335888011353203e-7,
  0.007986659377186466,
  0.000018484743469626756 ]
[ 0.000022940679134816974,
  2.803547508121361e-8,
  1.152839152862691e-8,
  3.655397063093213e-12,
  5.0914639265737116e-8,
  3.8175489544799496e-10,
  1.906688799148941e-12,
  0.00003431617670685146,
  0.0009153256435932624,
  0.02596949706280256 ]
[ 1.703029985236398e-13,
  1.487109026283632e-17,
  1.950897489818463e-11,
  0.010661885045652181,
  8.323787611634746e-7,
  1.0913568828334881e-13,
  5.843229090596208e-14,
  0.7674327757182101,
  2.3814925250534434e-11,
  0.000007614941984802473 ]
[ 1.63405742878961e-7,
  1.1215303212297934e-11,
  2.2664189736248588e-9,
  3.018837804964147e-13,
  1.20430208636485e-12,
  6.060591744503373e-8,
  5.685677249626807e-12,
  0.0000031173098849768345,
  0.9974233065204547,
  0.00260484994467626 ]
[ 2.455541350868349e-7,
  1.5652998306375612e-11,
  1.459121403623283e-9,
  0.006506039161614376,
  3.4292588733845375e-10,
  9.571748211919171e-8,
  2.3812777403183126e-19,
  1.9732155755660007e-8,
  7.72105755318511e-7,
  0.9999986130554694 ]

  ====


0.1862679642325236 0.019230769230769232
0.03833144861268054 0.625
0.026944675426049076 0.7403846153846154
0.026849338449637297 0.7403846153846154
0.026790758805064034 0.7403846153846154
0.0265707745575884 0.7403846153846154
0.027241552156978616 0.7403846153846154
0.02664296297322035 0.7403846153846154
0.02717807957208008 0.7307692307692307
0.026633699266664843 0.7403846153846154
0.026933957381883093 0.7307692307692307
0.02709825620935671 0.7403846153846154
0.027005037991330284 0.7307692307692307
0.02635338060999742 0.7403846153846154
0.026673100859913892 0.7403846153846154
0.02696367933819917 0.7307692307692307
0.026564987993286028 0.7403846153846154
0.02670573866455619 0.7307692307692307
0.02650673328971087 0.7307692307692307
0.026229003807554992 0.7403846153846154
0.02666262645193934 0.7307692307692307
0.02647287054294023 0.7307692307692307
0.026452227591161767 0.7403846153846154
0.026460825352383775 0.7403846153846154
0.025924135257545885 0.75
0.025454855011831 0.7403846153846154
0.02490303873066834 0.7596153846153846
0.025322630532830813 0.75
0.025153648864078386 0.75
0.025244350111307195 0.75
0.024811130845788676 0.75
0.025394010325900385 0.75
0.025329124814186327 0.7403846153846154
0.025547969254791768 0.75
0.024816037943809786 0.75
0.025533547521132818 0.75
0.024904808915535887 0.75
0.0259822512426036 0.7403846153846154
0.02452386762302324 0.7596153846153846
0.025066370829242277 0.7596153846153846
0.02421188451320441 0.7692307692307693
0.023142611363901115 0.7788461538461539
0.02520768878571094 0.7596153846153846
0.02455599195442939 0.7692307692307693
0.024451136587199458 0.7596153846153846
0.02465253615675698 0.7692307692307693
0.02378577641373551 0.7692307692307693
0.023874326063016198 0.7692307692307693
0.024511303935501383 0.7692307692307693
0.025813436166613652 0.7692307692307693
0.024858789778390747 0.7596153846153846
0.02473118607365725 0.7692307692307693
0.024535567738388324 0.7692307692307693
0.023834146116777328 0.7692307692307693
0.022570808850394246 0.7788461538461539
0.02367723399300253 0.7692307692307693
0.023819968902961626 0.7692307692307693
0.023438987263472967 0.7788461538461539
0.024788910956223428 0.7692307692307693
0.023512229268075165 0.7692307692307693
0.02443737218124379 0.7692307692307693
0.022124064846892496 0.7788461538461539
0.022118439770018324 0.7788461538461539
0.02211736894970373 0.7788461538461539
0.022116884644906083 0.7788461538461539
0.022116613864545435 0.7788461538461539
0.022116429451515075 0.7788461538461539
0.022116299084816757 0.7788461538461539
0.022116198622801286 0.7788461538461539
0.02211611977989138 0.7788461538461539
0.022116055479375746 0.7788461538461539
0.022116002038549392 0.7788461538461539
0.022115956803397698 0.7788461538461539
0.022115918199200245 0.7788461538461539
0.022115884976710503 0.7788461538461539
0.022115853827172068 0.7788461538461539
0.022115829793300696 0.7788461538461539
0.022115806335540295 0.7788461538461539
0.02211578579393975 0.7788461538461539
0.022115767025043198 0.7788461538461539
0.022115750661554894 0.7788461538461539
0.022115735084180275 0.7788461538461539
0.022115720714214727 0.7788461538461539
0.02211570812562236 0.7788461538461539
0.022115696154481838 0.7788461538461539
0.022115684746585887 0.7788461538461539
0.022115674536028626 0.7788461538461539
0.022115665129450006 0.7788461538461539
0.022115656201070002 0.7788461538461539
0.022115647913135767 0.7788461538461539
0.022115640095854795 0.7788461538461539
0.0221156328103068 0.7788461538461539
0.022115625875697206 0.7788461538461539
0.022115619248143016 0.7788461538461539
0.02211561323502129 0.7788461538461539
0.022115607417287377 0.7788461538461539
0.022115601826099122 0.7788461538461539
0.022115596686156234 0.7788461538461539
0.022115591773390612 0.7788461538461539
0.022115586540357134 0.7788461538461539

===

0.1615088723297814 0
0.0426118156433746 0.5769230769230769
0.03231966473253373 0.6826923076923077
0.02265158911687979 0.7692307692307693
0.022775323381943872 0.7692307692307693
0.022666909309379462 0.7692307692307693
0.022661970630048784 0.7788461538461539
0.02262664098098738 0.7788461538461539
0.022760776063451352 0.7692307692307693
0.022610939455619535 0.7692307692307693
0.022589606979385574 0.7692307692307693
0.022591977213998707 0.7692307692307693
0.02267374909585976 0.7692307692307693
0.022666027710201448 0.7692307692307693
0.022730994470627534 0.7692307692307693
0.022243478527745227 0.7692307692307693
0.02240469987343335 0.7692307692307693
0.022523531551356744 0.7788461538461539
0.02267791067950469 0.7692307692307693
0.022495671735400027 0.7788461538461539
0.022709238668209952 0.7692307692307693
0.022592998629227604 0.7788461538461539
0.022561218603817716 0.7692307692307693
0.02236923762717617 0.7692307692307693
0.0223626888613489 0.7788461538461539
0.022676622868962496 0.7692307692307693
0.02267363244413712 0.7692307692307693
0.022645908916535652 0.7692307692307693
0.02218493739204841 0.7788461538461539
0.02261311879216158 0.7692307692307693
0.022296713352842192 0.7788461538461539
0.022228545579921044 0.7788461538461539
0.022272003655079364 0.7692307692307693
0.02207684506291589 0.7788461538461539
0.021970563386047953 0.7788461538461539
0.021903035396029495 0.7788461538461539
0.022009256892780667 0.7788461538461539
0.022214195786969895 0.7692307692307693
0.02259097708821973 0.7692307692307693
0.02248038182554602 0.7692307692307693
0.02218729004857985 0.7788461538461539
0.022474498649542297 0.7692307692307693
0.0225135462118943 0.7692307692307693
0.022429100526349284 0.7692307692307693
0.022474824142306667 0.7788461538461539
0.022798255146673718 0.7692307692307693
0.021819506020357576 0.7788461538461539
0.021977396287223557 0.7788461538461539
0.02167467466730041 0.7788461538461539
0.022505982247491025 0.7692307692307693
0.021428069053252105 0.7884615384615384
0.021018572104733013 0.7884615384615384
0.021102651118927538 0.7884615384615384
0.02099589526453816 0.7884615384615384
0.020756374834480305 0.7884615384615384
0.021111065469558828 0.7884615384615384
0.02089502786611189 0.7980769230769231
0.021141363593951433 0.7884615384615384
0.02110961132794781 0.7884615384615384
0.020799339426988892 0.7884615384615384
0.021102374937212606 0.7884615384615384
0.021059749167100184 0.7884615384615384
0.021131891193021744 0.7884615384615384
0.020857756470585208 0.7980769230769231
0.021087816652043456 0.7884615384615384
0.02087025257144019 0.7980769230769231
0.020831066732185207 0.7980769230769231
0.021025259132437406 0.7884615384615384
0.020830948587991907 0.7980769230769231
0.021134107903796478 0.7884615384615384
0.021151089417095034 0.7884615384615384
0.021105204295678495 0.7884615384615384
0.020817264021946343 0.7884615384615384
0.02079715368919078 0.7884615384615384
0.020794206032729603 0.7884615384615384
0.02110944014555247 0.7884615384615384
0.021112207489482667 0.7884615384615384
0.020778108828983156 0.7884615384615384
0.020754248232544334 0.7884615384615384
0.021143320215384932 0.7884615384615384
0.020717467973125545 0.7884615384615384
0.02108546262938663 0.7884615384615384
0.020694325828579205 0.7884615384615384
0.020807258703488953 0.7980769230769231
0.02108570614329889 0.7884615384615384
0.021110860021198167 0.7884615384615384
0.020831578529589015 0.7980769230769231
0.020946193803527004 0.7884615384615384
0.020851099492703425 0.7980769230769231
0.020743860034855108 0.7980769230769231
0.02082850155886777 0.7980769230769231
0.02082339641750876 0.7980769230769231
0.021060525054097372 0.7884615384615384
0.021012544080134574 0.7884615384615384
0.021022860109379957 0.7884615384615384
0.020630440077766207 0.7884615384615384
0.021071149522024952 0.7884615384615384
0.021168312148581614 0.7884615384615384
0.020822125753887286 0.7980769230769231
0.02091156603317136 0.7884615384615384

0.33008860091680214 0.028846153846153848
0.03370781951350002 0.6634615384615384
0.01838906263049075 0.8173076923076923
0.017843382233149154 0.8173076923076923
0.0170448079150935 0.8269230769230769
0.01683366026761328 0.8269230769230769
0.016924011911052608 0.8269230769230769
0.01679589340309568 0.8269230769230769
0.013625214612722293 0.8557692307692307
0.013925538363144616 0.8557692307692307
0.01384449996127218 0.8557692307692307
0.013485161289296242 0.8557692307692307
0.012998143412084514 0.8653846153846154
0.01300507265990285 0.8653846153846154
0.012809432815382204 0.875
0.012912950444410796 0.8653846153846154
0.012885678222237086 0.8653846153846154
0.012672585407310201 0.875
0.012991296570987482 0.8653846153846154
0.012964770678376748 0.8653846153846154
0.012726756482399028 0.875
0.013017574540019913 0.8653846153846154
0.01295913270025914 0.8653846153846154
0.013002552497014812 0.8653846153846154
0.013020956441685551 0.8653846153846154
0.012995155461342138 0.8653846153846154
0.01268932212538468 0.875
0.013062626959970097 0.8653846153846154
0.012706975488592308 0.8653846153846154
0.012820243794415955 0.8653846153846154
0.012524406006213391 0.8653846153846154
0.012694241064454983 0.875
0.01291251959803333 0.8653846153846154
0.012950692322675568 0.8653846153846154
0.01250302485521486 0.8653846153846154
0.012749844073809637 0.875
0.012344679396974522 0.8653846153846154
0.01267075390496128 0.875
0.012547540378104256 0.875
0.01254781388228212 0.8653846153846154
0.012632923722493628 0.8653846153846154
0.012561843709124693 0.875
0.012837095312157105 0.8653846153846154
0.012766400775298522 0.8653846153846154
0.01280496693391975 0.8653846153846154
0.012161953907641335 0.875
0.011894804745346061 0.8846153846153846
0.012165338013652625 0.875
0.011793535818827831 0.8846153846153846
0.011934345153490754 0.875
0.01158067537734329 0.8846153846153846
0.011914430513391474 0.8846153846153846
0.01220329035479009 0.875
0.012199703824003944 0.875
0.011858805702829505 0.8846153846153846
0.011904321739963432 0.8846153846153846
0.011866642465450578 0.8846153846153846
0.01217891539195559 0.875
0.0117534358304234 0.875
0.011810768038441478 0.8846153846153846
0.011832042476652748 0.8846153846153846
0.012204582166090393 0.875
0.012154334941929478 0.875
0.012124535826699605 0.875
0.011850937399577637 0.8846153846153846
0.011786318439306168 0.8846153846153846
0.011831718738944435 0.8846153846153846
0.011810914530689737 0.8846153846153846
0.012116649175538681 0.875
0.012136816797491474 0.875
0.012124506712690155 0.875
0.012190190708335491 0.875
0.012202219100843318 0.875
0.012205142237936716 0.875
0.011752936648598679 0.8846153846153846
0.011680759827757747 0.8846153846153846
0.012077313940813201 0.875
0.011694207292971 0.875
0.01207924402611352 0.875
0.011702155082985126 0.8846153846153846
0.012107315750584742 0.875
0.011656415810950355 0.8846153846153846
0.012136083043037269 0.875
0.011676678201805086 0.8846153846153846
0.011555899700686474 0.8846153846153846
0.012007746396310533 0.875
0.012098028058479841 0.875
0.011563313488299995 0.8846153846153846
0.012021560770199634 0.875
0.012020271663548555 0.875
0.011573201790776404 0.8846153846153846
0.012167094438432622 0.8846153846153846
0.012072750484261539 0.875
0.011942527914649104 0.875
0.012087426631149515 0.875
0.011481277189030116 0.8846153846153846
0.012144901109670184 0.875
0.011298370260823549 0.8846153846153846
0.012038061653359218 0.875
0.01182847401962984 0.8846153846153846