0.2413605307405132 0.07058823529411765
0.04251485745266244 0.5882352941176471
0.03749054218655719 0.64
0.0350633028083543 0.6729411764705883
0.03169923495511801 0.7035294117647058
0.032367967531646814 0.6941176470588235
0.03215930492459461 0.7035294117647058
0.03083211587750103 0.7129411764705882
0.029736105969257444 0.7176470588235294
0.028618109521557602 0.7247058823529412
0.027493668326985292 0.7364705882352941
0.027135298188112132 0.7435294117647059
0.02620490441884452 0.7458823529411764
0.024532127802785398 0.76
0.024295057365491694 0.76
0.02423566476214025 0.7623529411764706
0.024485466527964364 0.76
0.024273043126498483 0.7623529411764706
0.02431958364168497 0.76
0.024379269095513013 0.76
0.024322811394040994 0.7623529411764706
0.024204887777424536 0.76
0.024419964705784447 0.7576470588235295
0.02457001451087736 0.7576470588235295
0.024401855080577364 0.7576470588235295
0.0243669070749287 0.76
0.024128170723270354 0.7623529411764706
0.024165682018508362 0.7623529411764706
0.02436935011270111 0.76
0.02436492698867023 0.76
0.024414563162526427 0.76
0.024341590436031575 0.76
0.02443314712647451 0.76
0.024283277365874014 0.76
0.024430590210453105 0.76
0.024061284312279475 0.7623529411764706
0.024072639243232354 0.7623529411764706
0.02456909112036187 0.7576470588235295
0.02440654331557498 0.76
0.02437031190435284 0.7576470588235295
0.024241055258062073 0.7623529411764706
0.02410678228356906 0.7623529411764706
0.024121208587911402 0.7623529411764706
0.02445268870355368 0.76
0.024065384195926014 0.7623529411764706
0.024264947907224377 0.76
0.02435810233839112 0.76
0.024266068232758644 0.7623529411764706
0.024420233009556744 0.7576470588235295
0.024112419820664213 0.7623529411764706
0.024392618740808086 0.76
0.024131656896476207 0.7623529411764706
0.02397163384759711 0.7623529411764706
0.023978303322850475 0.7623529411764706
0.023984723732668998 0.7623529411764706
0.023968069185675768 0.7623529411764706
0.023983541512796188 0.7623529411764706
0.023970052995946206 0.7623529411764706
0.02399458652709906 0.7623529411764706
0.023965714394528735 0.7623529411764706
0.02398373635104662 0.7623529411764706
0.023968769024465243 0.7623529411764706
0.02400262549779132 0.7623529411764706
0.024015393231675897 0.76
0.023973361509394494 0.7623529411764706
0.023996056070883356 0.76
0.023954947536593656 0.76
0.023975470577604123 0.7623529411764706
0.023976518622319417 0.7623529411764706
0.02396620039318678 0.7623529411764706
0.023980623152459 0.7623529411764706
0.023986762171060015 0.7623529411764706
0.02397741237887583 0.7623529411764706
0.02398955443264454 0.7623529411764706
0.023982830205381358 0.7623529411764706
0.02396447011760672 0.7623529411764706
0.02399722382968439 0.76
0.023967883704868992 0.7623529411764706
0.023987468912445607 0.7623529411764706
0.02397505824136567 0.7623529411764706
0.023968486684777753 0.7623529411764706
0.023969919842137727 0.7623529411764706
0.023977976277046287 0.7623529411764706
0.02396686729764573 0.7623529411764706
0.024008912701964244 0.7623529411764706
0.023963420715591155 0.7623529411764706
0.023982148614477745 0.7623529411764706
0.02396789297506162 0.7623529411764706
0.024003045285868854 0.76
0.02400163001059552 0.76
0.02399187077198359 0.7623529411764706
0.02495904228412178 0.76
0.02397496710476292 0.7623529411764706
0.02398296217041871 0.7623529411764706
0.02397619150907305 0.7623529411764706
0.02397978933878095 0.7623529411764706
0.023971415461430803 0.7623529411764706
0.023980716117667774 0.7623529411764706
0.023974123138293606 0.7623529411764706
0.023963683306916624 0.7623529411764706
{ iterations: 200000, error: 0.024020542644933168, ok: 0.76 }
Saving net into file: net.json


[ 0.999228037249071,
  4.390660830817396e-15,
  1.0693843460213287e-11,
  4.6326298580702437e-39,
  5.340255310940038e-19,
  3.187089984543484e-11,
  1.3227539259283535e-28,
  6.022881004262772e-23,
  3.4189577941590904e-37,
  6.143104086760714e-12 ]
[ 1.5228524967306123e-14,
  3.884389530874013e-15,
  8.096791841378851e-38,
  5.800176565126173e-26,
  5.259891832864441e-24,
  1.3513367105467443e-11,
  0.9999999999999989,
  3.415650707650211e-14,
  2.1470581785447452e-30,
  3.255792585181887e-18 ]
[ 6.201357092316964e-15,
  1.7599894316405232e-30,
  2.0444791952371865e-13,
  1.3737694444311e-21,
  9.320717229141426e-30,
  3.5098531327977715e-14,
  0.00004507446751085553,
  5.264054706944613e-21,
  8.031960877604185e-19,
  0.960357712554992 ]
[ 0.0072332212687391696,
  9.179070601797344e-22,
  0.6823641846879536,
  2.8008757858861336e-23,
  2.47525930478578e-20,
  1.8116269828244916e-10,
  2.6538552164855783e-15,
  4.458336711179638e-25,
  1.091500203753864e-19,
  0.9998940257847652 ]
[ 1.2937167835389763e-17,
  1.9031868042051883e-29,
  1.76907135349064e-12,
  0.00026128563878078623,
  0.999999999730963,
  0.0000032166524057008195,
  1.5949314555467108e-26,
  2.8641373384934036e-12,
  6.043162285600884e-8,
  7.972760316584921e-34 ]
[ 1.3103662791464648e-35,
  1.48725012353829e-20,
  6.0802497301648616e-18,
  2.8215759174298774e-7,
  0.02413755419269801,
  5.8919551436516e-13,
  2.3618717999203007e-22,
  0.15417368903313453,
  5.661187820760671e-15,
  2.4215091553277248e-26 ]
[ 1.1066241819398737e-13,
  1.119086691228615e-12,
  0.0000932640704943821,
  3.9676062278779468e-25,
  3.635166026628445e-24,
  5.963544018258137e-11,
  1.7134281077549342e-11,
  2.1872741044163582e-34,
  7.274685594242083e-25,
  0.4152318603474001 ]
[ 5.884011584081175e-17,
  0.000285875791522277,
  0.000009196975821118557,
  1.5039554932388538e-8,
  7.723858525049953e-11,
  9.256136825708461e-11,
  4.1829252806551575e-37,
  0.00031100508469765866,
  4.9670648986068435e-45,
  1.555003370567873e-35 ]
[ 0.000010261507878549106,
  1.2725980072843384e-31,
  3.0304609073406947e-13,
  3.2058937803323035e-13,
  2.0095855508742638e-33,
  2.1981629476759918e-8,
  2.530375724518909e-7,
  6.004588129160454e-11,
  0.00000827420053556008,
  0.9999362528092508 ]
[ 0.00006518231601115001,
  2.6565049844503814e-24,
  3.709935472259077e-11,
  3.563463927189315e-41,
  3.096936709157874e-25,
  2.224572986857345e-11,
  1.1414698737928649e-22,
  1.108105126887626e-20,
  2.3834248017439103e-28,
  0.9999989417515197 ]
[ 0.9999975764692919,
  2.632585448722192e-19,
  3.9411018313574356e-22,
  1.848699813804276e-36,
  8.580461260117879e-20,
  4.549259588948222e-12,
  1.4637198418969135e-19,
  1.822424329488161e-28,
  1.8126181885410417e-27,
  1.762118869970393e-11 ]
[ 1.4656927250664848e-22,
  0.999999999992141,
  8.798463796204687e-12,
  6.342856721548242e-7,
  9.379600125173363e-18,
  5.344379135155093e-14,
  4.0523460221675464e-21,
  6.652210488326302e-8,
  9.548791176849975e-24,
  3.9686484742402193e-51 ]
[ 1.4873986765595875e-24,
  0.9996604778809859,
  1.4762358271051425e-12,
  0.9999999999892197,
  1.4752078497310148e-30,
  2.0274676267171388e-10,
  2.002546337448006e-23,
  4.488822576769549e-30,
  1.8649566453668957e-23,
  1.1166471577641196e-22 ]
[ 4.742054332978916e-22,
  3.612471279155135e-22,
  2.9391360756938893e-22,
  0.9999999999561648,
  2.4856073469803894e-22,
  2.881176936953096e-9,
  1.9274241190232671e-25,
  5.2108413707935546e-36,
  6.421757256924428e-8,
  0.9999996240581056 ]
[ 2.1932401132422488e-26,
  3.657835425938318e-19,
  2.2740092811942998e-22,
  2.8107734056325975e-9,
  5.24956501626349e-11,
  2.7942698472189522e-11,
  1.0464077791176354e-15,
  1.940015865524241e-13,
  1.0850308911702088e-23,
  5.188730938255972e-25 ]
[ 2.1873555896041913e-17,
  1.1702485040868939e-13,
  0.00014047294291450702,
  6.142021461356684e-25,
  1.5410735782864535e-12,
  9.543421625484979e-13,
  1.1925747424192282e-33,
  6.60758908117687e-13,
  7.3368537939607e-34,
  1.0259010854316385e-14 ]
[ 1.0340271572095985e-17,
  2.949125083949193e-9,
  9.79906006235337e-31,
  0.000016833042467453205,
  4.7254298227982576e-18,
  7.567156679272561e-10,
  0.0000023481012639859227,
  2.859203658830884e-16,
  7.68084051963987e-40,
  1.307747086120422e-37 ]
[ 5.88246627389582e-33,
  6.75187929088023e-28,
  9.17546143569723e-22,
  4.556326616596132e-32,
  4.60023882933949e-26,
  1.565133984009018e-14,
  2.2870727763265916e-16,
  0.9999936122966916,
  7.678836572236337e-13,
  4.230680289751122e-16 ]
[ 1.739931789798231e-13,
  4.304022067909743e-28,
  1.657391792239387e-12,
  2.1453117061329722e-13,
  2.2262045873341737e-11,
  3.540435357222299e-10,
  1.0060676721868634e-19,
  6.881780925234188e-45,
  1,
  2.0298539043361314e-12 ]
[ 4.837846097529184e-23,
  9.934090430067028e-16,
  4.265201226725143e-12,
  0.00006362440315833281,
  1.1076798708536898e-15,
  2.3645499216237035e-11,
  1.1890489168314212e-18,
  2.8075074345419884e-15,
  1.5542026367428334e-11,
  0.9977268137559163 ]
[ 0.054633999302107196,
  2.1408046342042197e-24,
  4.39211292846311e-17,
  9.93495982416824e-23,
  1.331090381763925e-23,
  1.0839737808324048e-11,
  1.6354118860645806e-10,
  1.1492571499127933e-34,
  5.389296245069808e-23,
  3.9826855393979985e-22 ]
[ 8.744299802540411e-15,
  0.9995916708670232,
  3.400671378761386e-7,
  1.5339223245788856e-10,
  7.67694575172373e-23,
  4.494475688795319e-10,
  3.722881791293955e-15,
  7.066007230687846e-10,
  1.0033566797300337e-26,
  0.00017391947947418475 ]
[ 7.703981581423141e-24,
  1.8829486045193425e-11,
  3.280977126160316e-30,
  4.376014378563905e-15,
  2.0772256033793747e-11,
  4.6860088469230955e-14,
  1.3048436172436331e-22,
  4.461337928205406e-19,
  1.2340411661928315e-35,
  2.069048108764783e-24 ]
[ 1.3211005501235247e-22,
  2.6394280369084498e-17,
  8.407619161849215e-16,
  8.276603736680956e-24,
  6.663114344054878e-7,
  3.005365947465086e-11,
  2.8853625700687763e-26,
  0.999790993447986,
  1.229673259177001e-29,
  6.768735187286701e-27 ]
[ 3.743166825185448e-23,
  5.889042077749172e-17,
  8.817713475500066e-10,
  1.502710108657969e-11,
  0.9999982159444359,
  7.002764277832483e-9,
  3.385585721105319e-12,
  2.6651489718592065e-12,
  3.11969092768046e-12,
  1.6560363457580237e-70 ]
[ 2.553450004992466e-25,
  2.418014471589069e-18,
  1.268269353786639e-20,
  0.00001568241581919524,
  0.005871835577069757,
  1.2947932976091196e-10,
  7.096449803335421e-28,
  1.707304971490437e-11,
  1.8544840905615902e-33,
  7.610909610541771e-29 ]
[ 1.3510677552306975e-15,
  0.002396886686756603,
  4.430275480091497e-31,
  2.531283168196258e-31,
  2.019695155338598e-25,
  2.165765159833473e-12,
  0.9994767371873519,
  9.055542232587865e-18,
  1.0478206651097434e-40,
  1.2461975411112128e-13 ]
[ 3.769852038759882e-8,
  5.208623163485626e-16,
  8.363767537998463e-13,
  3.8560320239380044e-11,
  0.004794551460620442,
  1.1501571249484131e-10,
  3.4457374108875193e-29,
  1.5308340528527244e-20,
  1.3358747999183159e-9,
  9.998092464647125e-44 ]
[ 5.836045949366872e-16,
  2.886891213364744e-26,
  2.7873119738195104e-14,
  4.082359460923245e-11,
  1.8823499754463408e-19,
  3.518380663848284e-11,
  3.8128063063315037e-25,
  1.13136628331795e-25,
  0.00000822547599270728,
  0.9998361727879846 ]
[ 3.3212820702199175e-13,
  5.007955638551003e-29,
  1.9071661162422324e-13,
  6.344184917485944e-7,
  1.8252405163361383e-11,
  0.00007623370420207926,
  0.00016185198088153915,
  1.7044403359539636e-16,
  3.409242494427643e-13,
  0.9999993746756755 ]
[ 2.6762655499435676e-20,
  1.1789023741598724e-12,
  6.17815135904158e-23,
  9.562124158079651e-7,
  1.991826647499174e-15,
  3.600784431258111e-11,
  2.3117397451171837e-20,
  1.1383943507036475e-48,
  2.6122159812746426e-21,
  4.413994813566048e-25 ]
[ 3.4277076368232856e-7,
  6.822579111274214e-16,
  9.834313461276997e-29,
  2.6667577393723262e-17,
  4.6231196154021764e-7,
  1.879751810716021e-9,
  0.9999995906720965,
  4.808165682006918e-35,
  0.0006389339378701587,
  3.249433195045205e-40 ]
[ 1.985635594942502e-19,
  1.5904467831489038e-17,
  0.0018839463767269119,
  0.7121747491626357,
  2.3260262149777043e-30,
  8.706033270620235e-11,
  2.883370362710972e-10,
  6.441545023038536e-32,
  0.0063479370406042115,
  4.7145352259948664e-7 ]
[ 3.367802234529365e-14,
  9.384009232043203e-11,
  4.315202385446711e-20,
  1.3058104299740041e-12,
  4.590224515104811e-13,
  3.098918583886355e-11,
  4.521484293512382e-15,
  1.881094118333272e-39,
  7.0495689389659765e-25,
  0.000001728792190963277 ]
[ 5.512655101633822e-23,
  2.9886003392735715e-21,
  6.569560107468581e-8,
  6.374445783837676e-9,
  4.638408619041644e-11,
  4.051253881555428e-11,
  2.9354512905759595e-19,
  0.00000271174065803555,
  1.7525607184487628e-39,
  5.64577988909354e-35 ]
[ 1.6270798870972624e-19,
  5.388174450582538e-24,
  9.499509245675738e-26,
  2.217032799516068e-29,
  8.893278668178332e-7,
  4.872409718296322e-12,
  4.0949158560214594e-16,
  7.001891436115515e-25,
  9.643847803065281e-32,
  9.83550914395937e-38 ]
[ 1.3559792418020745e-19,
  2.969812454247683e-17,
  0.0012879743683803912,
  0.9988788941269675,
  2.9223984314034045e-30,
  2.450563414412293e-10,
  6.20394685453455e-12,
  3.0878771905628274e-32,
  0.003034690229605557,
  0.000001930164803538637 ]
[ 3.817647788867277e-19,
  1.908231566853039e-12,
  9.381816824923795e-8,
  2.163386233743637e-15,
  0.5085356626280627,
  1.1944223180150571e-8,
  2.809085949539359e-29,
  0.000006067830327196805,
  7.643664007578824e-34,
  1.6141897166687631e-32 ]
[ 0.0073313345327895045,
  2.9605045517671752e-21,
  0.5673780343763121,
  1.6023289625736889e-12,
  1.0001598862312455e-13,
  0.000001938623795270233,
  1.2061223284354509e-20,
  4.0873406516276823e-19,
  1.9663080258632152e-20,
  8.878813053314549e-11 ]
[ 0.011048460694758537,
  7.259630993215876e-36,
  1.6762144908644034e-12,
  1.2005927434689447e-34,
  1.7604518450507415e-17,
  3.18896010265341e-12,
  1.8744509102673875e-12,
  2.715873275294901e-30,
  0.906928193874906,
  0.0000027267916428135348 ]